
20519203|8536395748218477199|8756737834253020237|e9429b6508a98311
20535525|9212826508403275891|4476430123924488526|e9429b6508a98311
20535897|9212826508403275891|4476430123924488526|a4790082e915d97b0046827073cc34a32d410cb84381065c2bab66444925278d
20596740|8708821619431915872|1097443952873228514|a4790082e915d97b0046827073cc34a32d410cb84381065c2bab66444925278d
20670159|3222539360393238958|9200990553433045809|d66de74482277888e6ffa93846a8fafe1adb1a4ce542524acf3c268cfe8a075b
20775075|4877764161565128371|2333093680418260745|d66de74482277888e6ffa93846a8fafe1adb1a4ce542524acf3c268cfe8a075b
20791778|6616408809382086270|8734967051957949267|d66de74482277888e6ffa93846a8fafe1adb1a4ce542524acf3c268cfe8a075b
20852487|148033860537571371|5994570138603699463|d66de74482277888e6ffa93846a8fafe1adb1a4ce542524acf3c268cfe8a075b
20865201|2189973284914415964|5441743006850906281|d66de74482277888e6ffa93846a8fafe1adb1a4ce542524acf3c268cfe8a075b
20897362|9107502206338586622|8018515245700399755|3d0466069de6a4f74d2895a9f2d3d25eb556fbac0d1fd61e3ff93b9bb480f755
20897362|9107502206338586622|8018515245700399755|148c197ab610759a57775a11212d92d36f24b752eeb7817b46500ae3c449dc09
20940526|5024966808099071400|7686452975420852479|148c197ab610759a57775a11212d92d36f24b752eeb7817b46500ae3c449dc09
21077718|5015169369445136650|2443161248921497965|148c197ab610759a57775a11212d92d36f24b752eeb7817b46500ae3c449dc09
21105242|5025363329148723151|1822896528488229993|01b4b5f68534d4b0bf4a1fb1846f39b68a7fca0e12832c4fe93ccf7fc8428fcb
21121792|7907986342110018616|764314433476262163|01b4b5f68534d4b0bf4a1fb1846f39b68a7fca0e12832c4fe93ccf7fc8428fcb
21230884|3701264129774428822|8233538962228710423|01b4b5f68534d4b0bf4a1fb1846f39b68a7fca0e12832c4fe93ccf7fc8428fcb
21529689|9206383538391201740|1580917476677010525|01b4b5f68534d4b0bf4a1fb1846f39b68a7fca0e12832c4fe93ccf7fc8428fcb
21529689|9206383538391201740|1580917476677010525|152c4941c0c7abd415d42a578a2d6291d725a3936605b8d4c3e411b14757f506
21593048|2990283341107581164|2558902151054532750|152c4941c0c7abd415d42a578a2d6291d725a3936605b8d4c3e411b14757f506
21594948|312810786195836450|3514932200973916352|152c4941c0c7abd415d42a578a2d6291d725a3936605b8d4c3e411b14757f506
21595680|1152241223114544985|2766739100351032354|152c4941c0c7abd415d42a578a2d6291d725a3936605b8d4c3e411b14757f506
21626952|6959765395387142211|2883306748488478518|eaa60f61b6a98353e74d3929c6f0a30d7b3c66e6f7f8df1f84a17a0f033f71cf
21657141|7192545732919714899|8521981681483882645|eaa60f61b6a98353e74d3929c6f0a30d7b3c66e6f7f8df1f84a17a0f033f71cf
21708006|7510112164403307907|5672962755276521498|eaa60f61b6a98353e74d3929c6f0a30d7b3c66e6f7f8df1f84a17a0f033f71cf
21789745|2264887284372477196|7131601007414374673|eaa60f61b6a98353e74d3929c6f0a30d7b3c66e6f7f8df1f84a17a0f033f71cf
21868850|6940105521937895955|6429314027710117564|eaa60f61b6a98353e74d3929c6f0a30d7b3c66e6f7f8df1f84a17a0f033f71cf
22063930|8834848504425077966|3232204801470429576|eaa60f61b6a98353e74d3929c6f0a30d7b3c66e6f7f8df1f84a17a0f033f71cf
22099296|2494477347297489090|1992530672291928196|eaa60f61b6a98353e74d3929c6f0a30d7b3c66e6f7f8df1f84a17a0f033f71cf
22099296|2494477347297489090|1992530672291928196|40fa626125199bab4d3870dceef988b14b326ef8c78caecee30ed465fe049e8c

22202104|7203263331180024506|9112377048682665190|40fa626125199bab4d3870dceef988b14b326ef8c78caecee30ed465fe049e8c
22266770|2674279755785384335|2327508901895589993|40fa626125199bab4d3870dceef988b14b326ef8c78caecee30ed465fe049e8c
22303696|6185603299704679227|5878245834097517699|40fa626125199bab4d3870dceef988b14b326ef8c78caecee30ed465fe049e8c
22370414|6915803388788561343|7295746430231283199|cd5fe09d10b5ca7ba22c8f56674a5440da3fb1c43e8d69da1aebeabccde4bc1a
22405124|1193593513373838944|8513129453196989852|cd5fe09d10b5ca7ba22c8f56674a5440da3fb1c43e8d69da1aebeabccde4bc1a
22502777|8158810264338894897|4721707405076024766|dacf464f4b10f032fe7431311911c5555b58a834337f8c3281b37e3048687168
22589138|2367650111076067440|5170166536177825328|dacf464f4b10f032fe7431311911c5555b58a834337f8c3281b37e3048687168
22609954|3912686585901441199|5794014507605171865|dacf464f4b10f032fe7431311911c5555b58a834337f8c3281b37e3048687168
22611621|656260606620217723|6048062090612498939|dacf464f4b10f032fe7431311911c5555b58a834337f8c3281b37e3048687168
22627914|5302572154886330081|5549971910709061943|dacf464f4b10f032fe7431311911c5555b58a834337f8c3281b37e3048687168
22628441|6193117256740098235|64590193016997098|dacf464f4b10f032fe7431311911c5555b58a834337f8c3281b37e3048687168
22877907|3927993207031762772|5838037100830095218|dacf464f4b10f032fe7431311911c5555b58a834337f8c3281b37e3048687168